55670
55671
55672
55689
55690
55691
55692
55693
55694
55697
55730
55731
55732
55733
55737
55779
55780
55782
55783
55926
55927
55928
55929
55930
55931
55932
55934
55941
55942
55943
55944
55945
55946
56003
56004
56025
56026
56027
56036
56037
56038
56039
56040
56058
56059
56061
56062
56068
56070
56071
56072
56073
56126
56127
56499
56522
56523
56524
56528
56530
56531
56532
56533
56534
56535
56536
56537
56539
56540
56541
56542
56543
56544
56546
56547
56548
56549
56550
56551
56552
56553
56554
56556
56557
56569
filenames.txt
